#### Edited by ANTARES, on Mon, 02 Dec 2013 13:48:30
# amp cond error
1.000000	1.000000	0.008842
0.900000	1.000000	0.007958
0.800000	1.000000	0.007074
0.700000	1.000000	0.006190
0.600000	1.000000	0.005305
0.500000	1.000000	0.004421
0.400000	1.000000	0.003537
0.300000	1.000000	0.002653
0.200000	1.000000	0.001768
0.100000	1.000000	0.000884

1.000000	1.100000	0.257003
0.900000	1.100000	0.242198
0.800000	1.100000	0.227687
0.700000	1.100000	0.213530
0.600000	1.100000	0.199803
0.500000	1.100000	0.186600
0.400000	1.100000	0.174040
0.300000	1.100000	0.162275
0.200000	1.100000	0.151487
0.100000	1.100000	0.141901

1.000000	1.200000	0.464945
0.900000	1.200000	0.442640
0.800000	1.200000	0.421123
0.700000	1.200000	0.400521
0.600000	1.200000	0.380980
0.500000	1.200000	0.362674
0.400000	1.200000	0.345799
0.300000	1.200000	0.330572
0.200000	1.200000	0.317233
0.100000	1.200000	0.306028

1.000000	1.300000	0.693570
0.900000	1.300000	0.652227
0.800000	1.300000	0.611556
0.700000	1.300000	0.571701
0.600000	1.300000	0.532844
0.500000	1.300000	0.495222
0.400000	1.300000	0.459137
0.300000	1.300000	0.424982
0.200000	1.300000	0.393258
0.100000	1.300000	0.364602

1.000000	1.400000	0.837935
0.900000	1.400000	0.803245
0.800000	1.400000	0.770329
0.700000	1.400000	0.739426
0.600000	1.400000	0.710796
0.500000	1.400000	0.684727
0.400000	1.400000	0.661519
0.300000	1.400000	0.641485
0.200000	1.400000	0.624929
0.100000	1.400000	0.612134

1.000000	1.500000	0.995196
0.900000	1.500000	0.957589
0.800000	1.500000	0.922331
0.700000	1.500000	0.889704
0.600000	1.500000	0.860005
0.500000	1.500000	0.833547
0.400000	1.500000	0.810649
0.300000	1.500000	0.791619
0.200000	1.500000	0.776742
0.100000	1.500000	0.766259

1.000000	1.600000	1.136600
0.900000	1.600000	1.097920
0.800000	1.600000	1.062220
0.700000	1.600000	1.029807
0.600000	1.600000	1.001004
0.500000	1.600000	0.976128
0.400000	1.600000	0.955486
0.300000	1.600000	0.939359
0.200000	1.600000	0.927980
0.100000	1.600000	0.921527

1.000000	1.700000	1.356549
0.900000	1.700000	1.273756
0.800000	1.700000	1.192000
0.700000	1.700000	1.111513
0.600000	1.700000	1.032589
0.500000	1.700000	0.955617
0.400000	1.700000	0.881108
0.300000	1.700000	0.809743
0.200000	1.700000	0.742429
0.100000	1.700000	0.680368

1.000000	1.800000	1.381327
0.900000	1.800000	1.345129
0.800000	1.800000	1.313326
0.700000	1.800000	1.286243
0.600000	1.800000	1.264183
0.500000	1.800000	1.247413
0.400000	1.800000	1.236149
0.300000	1.800000	1.230541
0.200000	1.800000	1.230666
0.100000	1.800000	1.236525

1.000000	1.900000	1.610458
0.900000	1.900000	1.512431
0.800000	1.900000	1.415538
0.700000	1.900000	1.320031
0.600000	1.900000	1.226233
0.500000	1.900000	1.134567
0.400000	1.900000	1.045596
0.300000	1.900000	0.960067
0.200000	1.900000	0.878988
0.100000	1.900000	0.803705

1.000000	2.000000	1.725052
0.900000	2.000000	1.620419
0.800000	2.000000	1.516961
0.700000	2.000000	1.414934
0.600000	2.000000	1.314672
0.500000	2.000000	1.216612
0.400000	2.000000	1.121331
0.300000	2.000000	1.029601
0.200000	2.000000	0.942459
0.100000	2.000000	0.861300

